1.319579019793293062e+00 1.325111915348704095e+00 6.098999999999999977e-01 6.061999999999999611e-01
6.905729553300854473e-01 7.047291352472327963e-01 7.537500000000000311e-01 7.491999999999999771e-01
5.734599319647752935e-01 5.935091559392712268e-01 7.807666666666667199e-01 7.753999999999999782e-01
5.113066865182283038e-01 5.346616355295346068e-01 8.117999999999999661e-01 8.054999999999999938e-01
4.671293489151395195e-01 4.950409026723439632e-01 8.305000000000000160e-01 8.208999999999999631e-01
4.380742351491438424e-01 4.685160361450024791e-01 8.435000000000000275e-01 8.286999999999999922e-01
4.164130330727773277e-01 4.481851695560887250e-01 8.519833333333333147e-01 8.376000000000000112e-01
4.000192946117141490e-01 4.347269965306854167e-01 8.574666666666667103e-01 8.424000000000000377e-01
3.843743000637414031e-01 4.224094753912857603e-01 8.630333333333333190e-01 8.450999999999999623e-01
3.747855716987715247e-01 4.133764467837908185e-01 8.677166666666666917e-01 8.509999999999999787e-01
