1.173446279240752510e+00 1.179310429841542218e+00 6.614166666666666528e-01 6.615999999999999659e-01
6.293965792033795470e-01 6.443874433560011772e-01 7.637166666666667103e-01 7.577000000000000401e-01
5.182419734177138304e-01 5.403557973205990184e-01 8.028666666666666174e-01 7.967999999999999527e-01
4.505094679416409287e-01 4.802848520518411268e-01 8.335666666666666780e-01 8.219999999999999529e-01
4.084876640933805536e-01 4.426301343866644866e-01 8.513500000000000512e-01 8.376000000000000112e-01
3.824642041627649425e-01 4.201123108721896426e-01 8.603499999999999481e-01 8.476000000000000201e-01
3.608555874823992649e-01 4.030870756152840628e-01 8.688166666666666815e-01 8.528000000000000025e-01
3.449926542116925066e-01 3.907563484004514254e-01 8.740833333333333233e-01 8.585000000000000409e-01
3.306184038819661719e-01 3.794974218371854335e-01 8.795666666666667188e-01 8.615000000000000435e-01
3.202845592615758963e-01 3.723450511270657293e-01 8.825666666666667215e-01 8.636000000000000343e-01
